aa:0
ab:23.3091687619
ac:13.4943540956
ad:9.6860520619
ae:8.8062779572
af:14.7711668732
ag:19.9200756305
ah:25.0505952386
ai:32.9554716132
aj:30.0822712447
ak:34.9436363426
al:39.5775288364
am:33.2240821287
an:28.3772782948
ao:37.6459183645
ap:42.0995962429
aq:5.3131037879
ar:13.2703729473
as:4.7409938901
at:18.1206973548
au:28.0830785560
av:18.3395778380
aw:5.4773928294
ax:8.9210197629
ay:23.1047364179
az:5.5366153400
ba:23.3091687619
bb:0
bc:10.2202025947
bd:14.0341498671
be:18.5560013292
bf:9.4883182763
bg:5.8574867855
bh:5.6026156605
bi:14.1102825852
bj:8.9174724953
bk:13.1904862155
bl:17.5475614958
bm:10.0823725150
bn:5.1674942763
bo:17.6849453733
bp:21.4824652867
bq:26.9009838781
br:14.6610130041
bs:18.7191440541
bt:11.5852354373
bu:11.3133023338
bv:5.1191378530
bw:22.7261230020
bx:15.3336296801
by:10.2601344127
bz:20.1655751542
ca:13.4943540956
cb:10.2202025947
cc:0
cd:5.8285915957
ce:11.4370848922
cf:5.5786719204
cg:8.9882984497
ch:13.5232552614
ci:22.4783391128
cj:18.2755454213
ck:22.9773657916
cl:27.5086071840
cm:20.3025750639
cn:15.3876967851
co:26.7648928742
cp:30.9417886442
cq:17.7730244620
cr:10.2209464372
cs:9.2851139069
ct:11.3525152731
cu:18.2375675612
cv:5.1010648047
cw:14.2643175959
cx:5.1134271254
cy:14.3361912896
cz:9.9453726052
da:9.6860520619
db:14.0341498671
dc:5.8285915957
dd:0
de:5.6123525453
df:5.0851148399
dg:10.2340235686
dh:15.3645431825
di:23.4403832934
dj:20.3962191885
dk:25.2575842864
dl:29.8914767802
dm:23.7043462101
dn:18.9385825982
do:28.0821378682
dp:32.5053165671
dq:12.8671183642
dr:5.7265017408
ds:4.9450582290
dt:9.2635188240
du:18.6528362615
dv:9.4486209470
dw:8.8238759204
dx:5.5343573591
dy:13.8424223122
dz:8.6833064550
ea:8.8062779572
eb:18.5560013292
ec:11.4370848922
ed:5.6123525453
ee:0
ef:9.0686273961
eg:13.6445878637
eh:18.5023768054
ei:25.2906285559
ej:23.3770788310
ek:28.1369630537
el:32.7000162718
em:27.5223645194
en:23.0425159115
eo:30.0328480027
ep:34.5262926413
eq:9.4572338091
er:5.0148340606
es:5.6236871116
et:10.1312560021
eu:20.3481109076
ev:14.5443319367
ew:4.8427450982
ex:10.0782045679
ey:15.2695901357
ez:11.0227967748
fa:14.7711668732
fb:9.4883182763
fc:5.5786719204
fd:5.0851148399
fe:9.0686273961
ff:0
fg:5.1489088088
fh:10.2794283826
fi:18.5105753788
fj:15.3111043887
fk:20.1724694923
fl:24.8063619861
fm:18.7693413391
fn:14.1108163355
fo:23.0976564644
fp:27.4905646170
fq:17.6803881758
fr:5.6981270546
fs:10.0301730575
ft:5.7780342181
fu:13.8366614221
fv:5.8719135534
fw:13.3383739505
fx:8.9357433975
fy:9.3197381247
fz:13.1840009291
ga:19.9200756305
gb:5.8574867855
gc:8.9882984497
gd:10.2340235686
ge:13.6445878637
gf:5.1489088088
gg:0
gh:5.1305196654
gi:13.6305368931
gj:10.1621956428
gk:15.0235607178
gl:19.6574532173
gm:13.8782808815
gn:9.4927530098
go:18.1039997604
gp:22.4422526782
gq:22.6724464880
gr:9.2029408729
gs:15.1790817977
gt:5.7317386610
gu:9.2502766922
gv:5.6167414594
gw:18.2148185871
gx:13.4996647039
gy:5.7740603032
gz:18.0563623361
ha:25.0505952386
hb:5.6026156605
hc:13.5232552614
hd:15.3645431825
he:18.5023768054
hf:10.2794283826
hg:5.1305196654
hh:0
hi:9.0611214313
hj:5.0316760404
hk:9.8930411211
hl:14.5269336206
hm:9.2789402008
hn:5.8394363002
ho:13.2419363873
hp:17.4668159403
hq:27.7014667946
hr:13.7597425142
hs:20.3096014058
ht:9.2151224885
hu:5.7148220420
hv:9.0124515314
hw:23.1883674634
hx:18.3539967048
hy:5.7105418353
hz:23.0283885771
ia:32.9554716132
ib:14.1102825852
ic:22.4783391128
id:23.4403832934
ie:25.2906285559
if:18.5105753788
ig:13.6305368931
ih:9.0611214313
ii:0
ij:5.6049884907
ik:5.5149676251
il:8.5643890932
im:9.9822960968
in:11.0899960267
io:4.7422194869
ip:9.2356640797
iq:34.7478623707
ir:20.2757945181
is:28.2848195396
it:15.1593725881
iu:4.9425176998
iv:18.0725734550
iw:30.1333736255
ix:27.1300697652
iy:10.0210384201
iz:31.6485577416
ja:30.0822712447
jb:8.9174724953
jc:18.2755454213
jd:20.3962191885
je:23.3770788310
jf:15.3111043887
jg:10.1621956428
jh:5.0316760404
ji:5.6049884907
jj:0
jk:4.8613651208
jl:9.4952576088
jm:5.7136576772
jn:5.4921905818
jo:8.7684569100
jp:12.7028411599
jq:32.6622607079
jr:18.5187761237
js:25.3412774176
jt:13.6738867882
ju:5.6363348054
jv:13.4513521979
jw:28.1185289731
jx:23.2274544207
jy:9.1044155604
jz:27.9579011835
ka:34.9436363426
kb:13.1904862155
kc:22.9773657916
kd:25.2575842864
ke:28.1369630537
kf:20.1724694923
kg:15.0235607178
kh:9.8930411211
ki:5.5149676251
kj:4.8613651208
kk:0
kl:4.6338925281
km:5.3828205476
kn:8.6215220267
ko:5.4527006288
kp:8.3953298228
kq:37.4713848204
kr:23.2232809618
ks:30.2026425098
kt:18.2630515093
ku:8.8811332888
kv:18.0344373956
kw:32.9090215065
kx:27.9868349333
ky:13.3952351358
kz:32.7480995317
la:39.5775288364
lb:17.5475614958
lc:27.5086071840
ld:29.8914767802
le:32.7000162718
lf:24.8063619861
lg:19.6574532173
lh:14.5269336206
li:8.5643890932
lj:9.4952576088
lk:4.6338925281
ll:0
lm:8.3285394623
ln:12.6615578835
lo:5.3551655364
lp:5.2680558235
lq:42.0652043595
lr:27.7557749144
ls:34.8365350036
lt:22.7403138488
lu:12.9483614304
lv:22.5093036887
lw:37.4906873503
lx:32.5496786036
ly:17.7577190518
lz:37.3296327701
ma:33.2240821287
mb:10.0823725150
mc:20.3025750639
md:23.7043462101
me:27.5223645194
mf:18.7693413391
mg:13.8782808815
mh:9.2789402008
mi:9.9822960968
mj:5.7136576772
mk:5.3828205476
ml:8.3285394623
mm:0
mn:4.9148783189
mo:10.8287138191
mp:13.2299261434
mq:36.4495242013
mr:22.9439228868
ms:28.5516580513
mt:18.4924064746
mu:11.3432819780
mv:15.2015103222
mw:32.0596729791
mx:25.4160021722
my:14.4522560434
mz:30.2479476577
na:28.3772782948
nb:5.1674942763
nc:15.3876967851
nd:18.9385825982
ne:23.0425159115
nf:14.1108163355
ng:9.4927530098
nh:5.8394363002
ni:11.0899960267
nj:5.4921905818
nk:8.6215220267
nl:12.6615578835
nm:4.9148783189
nn:0
no:13.6898031661
np:17.0151158848
nq:31.7578669506
nr:18.6940329067
ns:23.7338405648
nt:14.6824803576
nu:10.1591397667
nv:10.2866320320
nw:27.4486874067
nx:20.5011238819
ny:11.5430626839
nz:25.3330693732
oa:37.6459183645
ob:17.6849453733
oc:26.7648928742
od:28.0821378682
oe:30.0328480027
of:23.0976564644
og:18.1039997604
oh:13.2419363873
oi:4.7422194869
oj:8.7684569100
ok:5.4527006288
ol:5.3551655364
om:10.8287138191
on:13.6898031661
oo:0
op:4.4934446558
oq:39.4900818118
or:25.0180139535
os:32.9568320786
ot:19.9015920120
ou:9.6847371123
ov:22.1148598786
ow:34.8755930609
ox:31.5577090322
oy:14.7632578669
oz:36.1603088573
pa:42.0995962429
pb:21.4824652867
pc:30.9417886442
pd:32.5053165671
pe:34.5262926413
pf:27.4905646170
pg:22.4422526782
ph:17.4668159403
pi:9.2356640797
pj:12.7028411599
pk:8.3953298228
pl:5.2680558235
pm:13.2299261434
pn:17.0151158848
po:4.4934446558
pp:0
pq:43.9835264447
pr:29.5114585978
ps:37.3984588325
pt:24.3950366506
pu:14.1781817566
pv:26.1538968809
pw:39.3690376938
px:35.8207595606
py:19.2567024998
pz:40.4781117827
qa:5.3131037879
qb:26.9009838781
qc:17.7730244620
qd:12.8671183642
qe:9.4572338091
qf:17.6803881758
qg:22.6724464880
qh:27.7014667946
qi:34.7478623707
qj:32.6622607079
qk:37.4713848204
ql:42.0652043595
qm:36.4495242013
qn:31.7578669506
qo:39.4900818118
qp:43.9835264447
qq:0
qr:14.4720678697
qs:8.4888265827
qt:19.5884898055
qu:29.8053447167
qv:22.2161001115
qw:4.6144888024
qx:13.7660151243
qy:24.7268239506
qz:10.8481541166
ra:13.2703729473
rb:14.6610130041
rc:10.2209464372
rd:5.7265017408
re:5.0148340606
rf:5.6981270546
rg:9.2029408729
rh:13.7597425142
ri:20.2757945181
rj:18.5187761237
rk:23.2232809618
rl:27.7557749144
rm:22.9439228868
rn:18.6940329067
ro:25.0180139535
rp:29.5114585978
rq:14.4720678697
rr:0
rs:9.0871200673
rt:5.1164219987
ru:15.3332768698
rv:11.5660794872
rw:9.8575791188
rx:11.2590615366
ry:10.2547561094
rz:13.9778882993
sa:4.7409938901
sb:18.7191440541
sc:9.2851139069
sd:4.9450582290
se:5.6236871116
sf:10.0301730575
sg:15.1790817977
sh:20.3096014058
si:28.2848195396
sj:25.3412774176
sk:30.2026425098
sl:34.8365350036
sm:28.5516580513
sn:23.7338405648
so:32.9568320786
sp:37.3984588325
sq:8.4888265827
sr:9.0871200673
ss:0
st:13.6477509173
su:23.4426473533
sv:13.8575009456
sw:5.4809577671
sx:5.6778881455
