aa:0
ab:14.5443319367
ac:15.2015103222
ad:9.4486209470
ae:10.2816217166
af:26.1538968809
ag:14.3054339239
ah:18.0344373956
ai:5.6167414594
aj:18.3395778380
ak:13.4513521979
al:5.1191378530
am:5.1010648047
an:5.8719135534
ao:22.1148598786
ap:22.5093036887
aq:22.2161001115
ar:11.3865975759
as:9.0124515314
at:13.8575009456
au:11.5660794872
av:18.0725734550
aw:18.2715634792
ax:15.0464373469
ay:10.2866320320
az:10.2144918671
ba:14.5443319367
bb:0
bc:27.5223645194
bd:5.6123525453
be:10.1312560021
bf:34.5262926413
bg:20.3481109076
bh:28.1369630537
bi:13.6445878637
bj:8.8062779572
bk:23.3770788310
bl:18.5560013292
bm:11.4370848922
bn:9.0686273961
bo:30.0328480027
bp:32.7000162718
bq:9.4572338091
br:15.2695901357
bs:18.5023768054
bt:5.6236871116
bu:5.0148340606
bv:25.2906285559
bw:4.8427450982
bx:11.0227967748
by:23.0425159115
bz:10.0782045679
ca:15.2015103222
cb:27.5223645194
cc:0
cd:23.7043462101
ce:18.4924064746
cf:13.2299261434
cg:11.3432819780
ch:5.3828205476
ci:13.8782808815
cj:33.2240821287
ck:5.7136576772
cl:10.0823725150
cm:20.3025750639
cn:18.7693413391
co:10.8287138191
cp:8.3285394623
cq:36.4495242013
cr:14.4522560434
cs:9.2789402008
ct:28.5516580513
cu:22.9439228868
cv:9.9822960968
cw:32.0596729791
cx:30.2479476577
cy:4.9148783189
cz:25.4160021722
da:9.4486209470
db:5.6123525453
dc:23.7043462101
dd:0
de:9.2635188240
df:32.5053165671
dg:18.6528362615
dh:25.2575842864
di:10.2340235686
dj:9.6860520619
dk:20.3962191885
dl:14.0341498671
dm:5.8285915957
dn:5.0851148399
do:28.0821378682
dp:29.8914767802
dq:12.8671183642
dr:13.8424223122
ds:15.3645431825
dt:4.9450582290
du:5.7265017408
dv:23.4403832934
dw:8.8238759204
dx:8.6833064550
dy:18.9385825982
dz:5.5343573591
ea:10.2816217166
eb:10.1312560021
ec:18.4924064746
ed:9.2635188240
ee:0
ef:24.3950366506
eg:10.2168549169
eh:18.2630515093
ei:5.7317386610
ej:18.1206973548
ek:13.6738867882
el:11.5852354373
em:11.3525152731
en:5.7780342181
eo:19.9015920120
ep:22.7403138488
eq:19.5884898055
er:5.1383341623
es:9.2151224885
et:13.6477509173
eu:5.1164219987
ev:15.1593725881
ew:14.9740010603
ex:17.9463872642
ey:14.6824803576
ez:14.2748472424
fa:26.1538968809
fb:34.5262926413
fc:13.2299261434
fd:32.5053165671
fe:24.3950366506
ff:0
fg:14.1781817566
fh:8.3953298228
fi:22.4422526782
fj:42.0995962429
fk:12.7028411599
fl:21.4824652867
fm:30.9417886442
fn:27.4905646170
fo:4.4934446558
fp:5.2680558235
fq:43.9835264447
fr:19.2567024998
fs:17.4668159403
ft:37.3984588325
fu:29.5114585978
fv:9.2356640797
fw:39.3690376938
fx:40.4781117827
fy:17.0151158848
fz:35.8207595606
ga:14.3054339239
gb:20.3481109076
gc:11.3432819780
gd:18.6528362615
ge:10.2168549169
gf:14.1781817566
gg:0
gh:8.8811332888
gi:9.2502766922
gj:28.0830785560
gk:5.6363348054
gl:11.3133023338
gm:18.2375675612
gn:13.8366614221
go:9.6847371123
gp:12.9483614304
gq:29.8053447167
gr:5.0785207718
gs:5.7148220420
gt:23.4426473533
gu:15.3332768698
gv:4.9425176998
gw:25.1908559715
gx:27.0205303761
gy:10.1591397667
gz:22.6395482713
ha:18.0344373956
hb:28.1369630537
hc:5.3828205476
hd:25.2575842864
he:18.2630515093
hf:8.3953298228
hg:8.8811332888
hh:0
hi:15.0235607178
hj:34.9436363426
hk:4.8613651208
hl:13.1904862155
hm:22.9773657916
hn:20.1724694923
ho:5.4527006288
hp:4.6338925281
hq:37.4713848204
hr:13.3952351358
hs:9.8930411211
ht:30.2026425098
hu:23.2232809618
hv:5.5149676251
hw:32.9090215065
hx:32.7480995317
hy:8.6215220267
hz:27.9868349333
ia:5.6167414594
ib:13.6445878637
ic:13.8782808815
id:10.2340235686
ie:5.7317386610
if:22.4422526782
ig:9.2502766922
ih:15.0235607178
ii:0
ij:19.9200756305
ik:10.1621956428
il:5.8574867855
im:8.9882984497
in:5.1489088088
io:18.1039997604
ip:19.6574532173
iq:22.6724464880
ir:5.7740603032
is:5.1305196654
it:15.1790817977
iu:9.2029408729
iv:13.6305368931
iw:18.2148185871
ix:18.0563623361
iy:9.4927530098
iz:13.4996647039
ja:18.3395778380
jb:8.8062779572
jc:33.2240821287
jd:9.6860520619
je:18.1206973548
jf:42.0995962429
jg:28.0830785560
jh:34.9436363426
ji:19.9200756305
jj:0
jk:30.0822712447
jl:23.3091687619
jm:13.4943540956
jn:14.7711668732
jo:37.6459183645
jp:39.5775288364
jq:5.3131037879
jr:23.1047364179
js:25.0505952386
jt:4.7409938901
ju:13.2703729473
jv:32.9554716132
jw:5.4773928294
jx:5.5366153400
jy:28.3772782948
jz:8.9210197629
ka:13.4513521979
kb:23.3770788310
kc:5.7136576772
kd:20.3962191885
ke:13.6738867882
kf:12.7028411599
kg:5.6363348054
kh:4.8613651208
ki:10.1621956428
kj:30.0822712447
kk:0
kl:8.9174724953
km:18.2755454213
kn:15.3111043887
ko:8.7684569100
kp:9.4952576088
kq:32.6622607079
kr:9.1044155604
ks:5.0316760404
kt:25.3412774176
ku:18.5187761237
kv:5.6049884907
kw:28.1185289731
kx:27.9579011835
ky:5.4921905818
kz:23.2274544207
la:5.1191378530
lb:18.5560013292
lc:10.0823725150
ld:14.0341498671
le:11.5852354373
lf:21.4824652867
lg:11.3133023338
lh:13.1904862155
li:5.8574867855
lj:23.3091687619
lk:8.9174724953
ll:0
lm:10.2202025947
ln:9.4883182763
lo:17.6849453733
lp:17.5475614958
lq:26.9009838781
lr:10.2601344127
ls:5.6026156605
lt:18.7191440541
lu:14.6610130041
lv:14.1102825852
lw:22.7261230020
lx:20.1655751542
ly:5.1674942763
lz:15.3336296801
ma:5.1010648047
mb:11.4370848922
mc:20.3025750639
md:5.8285915957
me:11.3525152731
mf:30.9417886442
mg:18.2375675612
mh:22.9773657916
mi:8.9882984497
mj:13.4943540956
mk:18.2755454213
ml:10.2202025947
mm:0
mn:5.5786719204
mo:26.7648928742
mp:27.5086071840
mq:17.7730244620
mr:14.3361912896
ms:13.5232552614
mt:9.2851139069
mu:10.2209464372
mv:22.4783391128
mw:14.2643175959
mx:9.9453726052
my:15.3876967851
mz:5.1134271254
na:5.8719135534
nb:9.0686273961
nc:18.7693413391
nd:5.0851148399
ne:5.7780342181
nf:27.4905646170
ng:13.8366614221
nh:20.1724694923
ni:5.1489088088
nj:14.7711668732
nk:15.3111043887
nl:9.4883182763
nm:5.5786719204
nn:0
no:23.0976564644
np:24.8063619861
nq:17.6803881758
nr:9.3197381247
ns:10.2794283826
nt:10.0301730575
nu:5.6981270546
nv:18.5105753788
nw:13.3383739505
nx:13.1840009291
ny:14.1108163355
nz:8.9357433975
oa:22.1148598786
ob:30.0328480027
oc:10.8287138191
od:28.0821378682
oe:19.9015920120
of:4.4934446558
og:9.6847371123
oh:5.4527006288
oi:18.1039997604
oj:37.6459183645
ok:8.7684569100
ol:17.6849453733
om:26.7648928742
on:23.0976564644
oo:0
op:5.3551655364
oq:39.4900818118
or:14.7632578669
os:13.2419363873
ot:32.9568320786
ou:25.0180139535
ov:4.7422194869
ow:34.8755930609
ox:36.1603088573
oy:13.6898031661
oz:31.5577090322
pa:22.5093036887
pb:32.7000162718
pc:8.3285394623
pd:29.8914767802
pe:22.7403138488
pf:5.2680558235
pg:12.9483614304
ph:4.6338925281
pi:19.6574532173
pj:39.5775288364
pk:9.4952576088
pl:17.5475614958
pm:27.5086071840
pn:24.8063619861
po:5.3551655364
pp:0
pq:42.0652043595
pr:17.7577190518
ps:14.5269336206
pt:34.8365350036
pu:27.7557749144
pv:8.5643890932
pw:37.4906873503
px:37.3296327701
py:12.6615578835
pz:32.5496786036
qa:22.2161001115
qb:9.4572338091
qc:36.4495242013
qd:12.8671183642
qe:19.5884898055
qf:43.9835264447
qg:29.8053447167
qh:37.4713848204
qi:22.6724464880
qj:5.3131037879
qk:32.6622607079
ql:26.9009838781
qm:17.7730244620
qn:17.6803881758
qo:39.4900818118
qp:42.0652043595
qq:0
qr:24.7268239506
qs:27.7014667946
qt:8.4888265827
qu:14.4720678697
qv:34.7478623707
qw:4.6144888024
qx:10.8481541166
qy:31.7578669506
qz:13.7660151243
ra:11.3865975759
rb:15.2695901357
rc:14.4522560434
rd:13.8424223122
re:5.1383341623
rf:19.2567024998
rg:5.0785207718
rh:13.3952351358
ri:5.7740603032
rj:23.1047364179
rk:9.1044155604
rl:10.2601344127
rm:14.3361912896
rn:9.3197381247
ro:14.7632578669
rp:17.7577190518
rq:24.7268239506
rr:0
rs:5.7105418353
rt:18.5188157380
ru:10.2547561094
rv:10.0210384201
rw:20.1123352168
rx:22.3933496245
ry:11.5430626839
rz:18.2550404020
sa:9.0124515314
sb:18.5023768054
sc:9.2789402008
sd:15.3645431825
se:9.2151224885
sf:17.4668159403
sg:5.7148220420
sh:9.8930411211
si:5.1305196654
sj:25.0505952386
sk:5.0316760404
sl:5.6026156605
sm:13.5232552614
sn:10.2794283826
so:13.2419363873
sp:14.5269336206
sq:27.7014667946
sr:5.7105418353
ss:0
st:20.3096014058
su:13.7597425142
sv:9.0611214313
sw:23.1883674634
sx:23.0283885771
